$ANSIBLE_VAULT;1.1;AES256
38623764356536333035646338386331643062653635656662613634633138323435633538626330
3939363538323166333661366535313634383761653035330a353132633061613536396432613735
37663035323464393632333432316632393739323831623961636463646333303666313731366665
6563366365356234330a643964346261633866613237346635653037363835336132303765376337
30316264323561373531393263333664346130303239636163346362316266336538623935623861
33396563393831373136353539663139346435346638616439323234616639623430356261643266
66623462333934633230323038366333356339366566646164353461623233343661653131623538
65303266656262366134386133346530376237383965663666336232333838653238393137643163
37366635323666663763646630373564363435373964663832326362363732363632613666353836
33336439663565373061393932303231356635653130363038343362376135396665613665303634
66346333666538303436636435326432303338336330353335393032306565313165663166323962
62383663346239383132643035363261613739366362313939313931303439373161623061636165
62336635326335336130316636373232663430623462366162306638633664633061383463363035
32323337303361303933666332613736623334396331313264646330633736363062396561613537
32623331616339376434316334386432636238653237373434356563393962366537396663623034
33393933303863666165313730663332633730663561303635343936306666646636623834383834
63306530326361316333373038633537323734353535316263653862383063313134666236393335
30333831346230323238643731343237356665643536653865323565666536663863646137383339
39353136663133643061373333366263333832346439616135353261626232393666393937383861
37643433363364316561346130373537623731346462316166333562383935656431396437353534
30396139306234643633613962386134303930353138653131363864393935333939613639616465
61663734616232633465623839646633313164373134323966333861633434393465313362646235
32633334656432623830306161636234373162373565663038383235646237633134636563333634
64343232353463393234
